0.1  0
0.3  1
0.2  2
1.4  3
7.5  4
51.9  5
97.8  6
99.5  7
99.9  8
99.9  9
99.7  10
99.6  11
99.8  12
99.9  13
99.9  14
99.5  15
0.2  16
0.5  17
0.7  18
2.6  19
7.6  20
55.8  21
98.7  22
99.5  23
99.6  24
99.9  25
99.7  26
99.8  27
99.6  28
99.7  29
99.9  30
99.8  31
0  32
0.4  33
1.1  34
1  35
8.1  36
54.5  37
98.3  38
99.6  39
99.8  40
99.7  41
99.6  42
99.6  43
99.6  44
99.9  45
99.7  46
99.8  47
0.1  48
0.1  49
0.5  50
1.5  51
6  52
56.2  53
98.5  54
99.7  55
99.7  56
99.9  57
99.6  58
99.9  59
99.9  60
99.8  61
99.7  62
99.7  63
